14
11
99
88
99
18
46
35
36
76
36
22
33
87
24
19
88
93
69
17
45
25
22
11
36
22
89
41
44
44
89
78
78
78
52
35
11
28
97
78
82
54
75
37
87
36
18
14
22
55
32
57
17
44
17
77
73
88
61
23
15
43
78
55
55
57
35
86
49
13
77
66
33
55
99
39
35
31
74
56
66
35
26
55
41
76
66
32
39
45
34
57
44
78
61
66
58
88
93
33
33
55
67
22
38
94
28
44
66
99
72
28
84
55
45
22
54
99
44
85
88
85
19
86
48
15
78
48
12
55
42
66
52
88
58
62
31
11
96
33
95
13
77
22
77
88
65
31
53
55
22
49
33
86
99
11
48
35
11
44
67
27
74
26
99
11
11
74
55
99
55
66
11
25
32
44
84
21
77
55
97
11
34
83
42
77
71
44
77
11
77
33
88
82
22
55
51
66
55
44
63
14
22
47
32
33
77
35
22
95
55
78
93
61
77
52
25
99
88
61
18
66
88
35
19
17
32
27
84
55
44
82
67
22
64
62
16
66
22
34
31
34
66
11
59
79
86
98
74
11
32
76
28
88
11
14
95
55
77
66
12
66
77
37
12
86
31
67
83
65
23
44
11
35
78
61
41
68
44
13
22
69
88
53
33
88
95
96
44
51
35
94
44
46
12
22
88
66
22
88
66
57
43
55
18
77
12
52
99
22
39
49
64
18
98
51
99
55
22
76
99
46
65
88
11
66
78
13
46
44
57
43
59
38
66
95
76
66
44
74
63
99
77
82
46
22
99
73
86
33
66
51
99
33
77
55
44
78
56
93
53
33
43
53
44
47
99
21
71
73
58
68
66
32
84
77
55
27
84
85
55
78
44
86
45
84
46
79
47
14
92
19
21
48
17
34
67
11
86
12
56
44
97
43
44
44
93
77
75
99
57
34
74
32
11
32
43
33
67
22
22
11
66
44
37
33
74
82
51
39
55
88
44
96
72
55
19
56
89
44
31
24
25
22
91
39
33
11
82
66
26
66
73
22
89
36
44
47
79
66
33
28
11
23
38
84
53
93
55
66
16
71
11
35
58
95
89
33
65
33
33
81
59
33
68
66
99
12
88
59
53
42
27
68
47
12
63
22
26
77
28
99
77
33
23
51
43
15
44
22
88
27
34
88
28
12
22
89
47
33
56
79
64
32
88
87
88
33
71
38
44
92
52
45
44
92
34
74
72
44
44
14
33
44
15
45
78
69
51
39
35
35
38
49
77
66
96
46
45
93
33
52
99
72
89
85
33
32
59
75
61
45
82
16
44
65
78
91
12
22
77
47
76
73
14
35
61
33
33
55
59
61
58
33
72
39
66
22
22
54
77
44
44
42
64
63
21
77
87
24
19
95
55
85
61
11
34
55
83
88
11
66
97
27
45
48
15
12
17
96
16
33
51
21
89
21
99
22
44
31
99
44
55
39
14
17
81
13
98
66
61
77
94
55
77
63
66
77
76
98
76
72
34
22
99
17
83
38
83
81
47
35
52
29
98
44
67
99
44
77
99
55
22
73
12
59
22
24
72
39
52
71
33
35
55
55
44
33
26
87
77
66
87
97
41
88
11
33
61
64
52
95
96
41
88
17
55
37
22
67
12
65
55
33
17
33
96
62
33
56
22
97
51
73
67
52
93
94
35
11
46
33
99
84
55
99
11
18
22
44
65
66
95
22
27
22
77
66
99
22
53
44
68
14
44
55
66
29
99
79
99
22
66
77
99
55
52
99
44
64
88
88
89
56
84
11
55
22
62
65
26
94
77
88
77
99
99
15
34
82
69
77
99
49
84
17
55
59
55
91
79
18
99
41
55
89
84
33
19
13
66
44
79
48
77
83
77
27
94
49
25
22
88
26
52
92
51
62
23
81
92
88
33
71
71
44
88
77
33
66
77
67
83
59
27
31
88
92
45
46
81
99
22
44
52
33
11
99
56
42
44
58
78
72
33
38
55
53
92
92
93
59
22
38
52
55
66
24
65
71
69
88
76
12
87
66
22
66
66
11
55
12
73
76
79
49
59
24
99
23
31
65
34
68
14
85
22
43
93
77
33
67
99
44
52
55
78
22
99
99
56
52
53
61
74
81
42
71
92
99
43
16
28
77
21
66
26
18
88
55
22
48
99
41
73
72
44
37
73
69
66
99
91
77
79
22
93
77
76
77
33
11
85
99
66
27
63
74
66
18
46
35
44
99
45
14
75
33
52
56
57
77
66
77
44
92
11
88
99
41
